signature	comparison	grp1	grp2	pval	grp1.min	grp1.25	grp1.median	grp1.75	grp1.max	grp1.mean	grp1.nonzero_mean	grp2.min	grp2.25	grp2.median	grp2.75	grp2.max	grp2.mean	grp2.nonzero_mean	grp1.detection	grp2.detection	grp1.detection_wp	grp2.detection_wp	grp1.mean_when_present	grp2.mean_when_present	signif_label	grp1.prop_present	grp2.prop_present	pan_prop_present
SBS1	IHC-EHC	IHC	EHC	1.40107397456339e-05	0	0.0519546659822771	0.123580239787288	0.215653198410022	0.66396281462604	0.146254823491351	0.155630132689514	0.0033824139586847	0.0930166494702681	0.181634116688482	0.312259777762012	0.54136118824649	0.209594832844669	0.209594832844669	0.77481124497992	0.877479674796748	0.919064039408867	0.934723214285714	0.177050551083917	0.22783161846049	***	0.815261044176707	0.910569105691057	0.846774193548387
SBS10a	IHC-EHC	IHC	EHC	0.485727639724342	0	0	0	0	0.334542410946104	0.00134354381906066	0.334542410946104	0	0	0	0	0	0		0.00401606425702811	0	1		0.334542410946104			0.00401606425702811		0.00268817204301075
SBS10b	IHC-EHC	IHC	EHC	0.726360061462864	0	0	0	0	0.484331488959397	0.00210490028207443	0.174706723412177	0	0	0	0	0.000439449952213611	3.57276383913505e-06	0.000439449952213611	0.00691164658634538	5.69105691056911e-05	0.8505		0.261535133244837			0.00803212851405622		0.00537634408602151
SBS10c	IHC-EHC	IHC	EHC	0.0492614907234949	0	8.43626529607458e-05	0.00363915528654848	0.0300210174891574	0.167192825139409	0.0206013087897611	0.0263062866084642	0	0	0.00178002449844239	0.0141537536708799	0.216879598465588	0.0177453769893453	0.0262973658998731	0.188180722891566	0.138674796747967	0.802794871794872	0.770615384615385	0.0825917116315928	0.103291943963712	*	0.156626506024096	0.105691056910569	0.139784946236559
SBS10d	IHC-EHC	IHC	EHC	0.840944338871099	0	0	0	0.00063231377234627	0.0510093992738327	0.0023580035068478	0.00581329577430795	0	0	0	0.000590416296227755	0.0318694304206835	0.00147743010923341	0.00342875289501338	0.0246024096385542	0.0189593495934959								
SBS12	IHC-EHC	IHC	EHC	0.000163899563858192	0	0.00022933777153375	0.00455455972852995	0.0304995336583171	0.27609409728505	0.0243534680307381	0.0306263310083524	0	0	0.000611415147238053	0.0114572249626813	0.111605430675762	0.0107073877975704	0.0160610816963556	0.197787148594378	0.099479674796748	0.839666666666667	0.711333333333333	0.111530454193201	0.0660425047092363	***	0.132530120481928	0.0487804878048781	0.104838709677419
SBS13	IHC-EHC	IHC	EHC	2.05253597623095e-05	0	0	0.00343610106746175	0.0278696424157278	0.297676958865381	0.0241887055372101	0.0356389803477238	0	0.000403190034535587	0.0182768249474632	0.0807073715617229	0.470465165355733	0.0625391857563068	0.0818331898726142	0.259008032128514	0.44679674796748	0.864203703703704	0.912269230769231	0.0908968607132003	0.137998654236224	***	0.216867469879518	0.422764227642276	0.28494623655914
SBS15	IHC-EHC	IHC	EHC	0.168130345095911	0	0	0	0	0.470187594874985	0.0226791146984428	0.15686387666423	0	0	0	0	0.425966119077753	0.0265695393831667	0.13072213376518	0.0920923694779117	0.11969918699187	0.919434782608696	0.903866666666667	0.239347517507093	0.211793254393132		0.0923694779116466	0.121951219512195	0.102150537634409
SBS16	IHC-EHC	IHC	EHC	0.00731328991721838	0	0	0.00334301981683955	0.0284036199951171	0.52116963921508	0.0351588763448111	0.0478391268298249	0	0	0.000649961089783828	0.0114403344780979	0.287467679142568	0.0199623549829946	0.0310806286444093	0.205903614457831	0.122365853658537	0.757955555555555	0.791363636363636	0.155014418727994	0.163225426278717	**	0.180722891566265	0.0894308943089431	0.150537634408602
SBS17a	IHC-EHC	IHC	EHC	0.300848634861297	0	0	0	0.00522614263396577	0.070347275135464	0.00648407534727062	0.0144154889416999	0	0	0	0.00931550762113631	0.077104001815941	0.00745418169925287	0.0150305630984935	0.0849317269076305	0.0954552845528455	0.621076923076923	0.596	0.0516699982651847	0.052343129485552		0.0522088353413655	0.024390243902439	0.0430107526881721
SBS17b	IHC-EHC	IHC	EHC	0.699564938358303	0	0	0	0.00423130891716372	0.154431170928296	0.00674190176744301	0.0176708793694033	0	0	0	0.00422777503130445	0.272818530043091	0.00791763219103129	0.019477375189937	0.102313253012048	0.106878048780488	0.784222222222222	0.757111111111111	0.0582957921639925	0.0716326354133346		0.072289156626506	0.0731707317073171	0.0725806451612903
SBS18	IHC-EHC	IHC	EHC	0.0593621532046054	0	0	0.00140198991891194	0.0155938791129831	0.410935371715329	0.0223119559330731	0.0328738285641136	0	0	0.000456826065752352	0.00852625426388052	0.103413479247776	0.0103077937207829	0.0173679264062507	0.13574297188755	0.0884959349593496	0.840260869565218	0.719285714285714	0.154263269197685	0.0739114653108163		0.0923694779116466	0.0569105691056911	0.0806451612903226
SBS2	IHC-EHC	IHC	EHC	1.18083801881831e-06	0	0.00029589729894461	0.0154528534501833	0.0483354483265527	0.384291075571305	0.0333788619554631	0.0419764476106581	0	0.0112050974210233	0.0469416179430976	0.106253481488263	0.467203420738839	0.0749841964982762	0.0853986682341479	0.395522088353414	0.583772357723577	0.823903225806451	0.901557142857143	0.0764386310046827	0.123803908007063	***	0.373493975903614	0.569105691056911	0.438172043010753
SBS20	IHC-EHC	IHC	EHC	0.239836181194913	0	0	0	0	0.266509731797649	0.00618011821987394	0.0530637736809865	0	0	0	0	0.272534090050036	0.00527151805721006	0.0324198360518418	0.0420843373493976	0.0334065040650407	0.804363636363636	0.682666666666667	0.126382643996782	0.140971077937537		0.0441767068273092	0.024390243902439	0.0376344086021505
SBS21	IHC-EHC	IHC	EHC	0.188455048656429	0	0	0	0	0.254310265529758	0.00269743499791374	0.0292026658469792	0	0	0	0	0.15916659840654	0.0019680493688671	0.0142394160218031	0.0190843373493976	0.0172276422764228	0.844	0.7915	0.127258920221606	0.104551080286129		0.0200803212851406	0.016260162601626	0.0188172043010753
SBS22a	IHC-EHC	IHC	EHC	0.0166003279474472	0	0	0.000143875450598681	0.00969087034907363	1	0.045386927775591	0.0763604392981227	0	0	0	0.00329804310948308	0.462258302632155	0.0121908597451001	0.0263065920815318	0.147646586345382	0.0747886178861789	0.8709	0.8385	0.348597389834475	0.196406899261862	*	0.120481927710843	0.0487804878048781	0.0967741935483871
SBS22b	IHC-EHC	IHC	EHC	0.266136783326718	0	0	3.54707665654388e-05	0.00126501837678172	0.0983856251638622	0.00260910292996563	0.00515608436159875	0	0	0	0.000923214672637648	0.0789858171729508	0.00328775495720302	0.00808787719471944	0.0313975903614458	0.0389186991869919	0.79	0.788	0.0663070007008728	0.0652740551428637		0.00803212851405622	0.016260162601626	0.010752688172043
SBS24	IHC-EHC	IHC	EHC	0.377746999387066	0	0.000170164016155398	0.00807969692767335	0.0460454537954681	0.859713259473444	0.0517649068854643	0.0654287401750284	0	5.16533526615486e-05	0.00620394349958263	0.03928602590879	0.294670293488865	0.0296098640852139	0.0391614331449603	0.236088353413655	0.18909756097561	0.778577777777778	0.6738125	0.214985533813825	0.125745951407964		0.180722891566265	0.130081300813008	0.163978494623656
SBS28	IHC-EHC	IHC	EHC	0.628480349638027	0	0	0	0.00100058802524429	0.168013083121289	0.00353963517308294	0.0111565716214893	0	0	0	0.00211845831868447	0.0733891164939339	0.00314390121289555	0.00899301974851516	0.0456305220883534	0.0427967479674797	0.9455	0.601	0.131668991465328	0.0650814147062762		0.00803212851405622	0.016260162601626	0.010752688172043
SBS29	IHC-EHC	IHC	EHC	0.412404581178357	0	0	0.000679754489598978	0.00623218602174274	0.58895695643882	0.0114942896946469	0.0172414345419703	0	0	0.000343119589888781	0.00506180375305244	0.134973609898318	0.00878256981860495	0.014213895890637	0.0694016064257028	0.0639674796747968	0.699857142857143	0.73725	0.204974407892319	0.106029942974284		0.0281124497991968	0.032520325203252	0.0295698924731183
SBS3	IHC-EHC	IHC	EHC	0.185958327876251	0	0.000174215620703493	0.00410401621666367	0.0331839549017114	0.419874811772686	0.0372996472471872	0.0481223428215006	0	0	0.0026447541251622	0.0221240045211517	0.501708660021504	0.037416647786744	0.056124971680116	0.152321285140562	0.14520325203252	0.778285714285714	0.718117647058824	0.217421504883185	0.19822894862076		0.112449799196787	0.138211382113821	0.120967741935484
SBS32	IHC-EHC	IHC	EHC	0.0826829092860584	0	3.96659397410123e-05	0.00248537242409221	0.0246306859490464	0.34161622036908	0.0214654326013874	0.0279837315065207	0	0	0.00121839121951832	0.0138795192164718	0.374253635409386	0.0141461431509784	0.0202322745066319	0.15433734939759	0.0984878048780488	0.686791666666667	0.6595	0.119932493963994	0.143715753600074		0.0963855421686747	0.0487804878048781	0.0806451612903226
SBS38	IHC-EHC	IHC	EHC	0.00779694273186853	0	0	0	0.000677991179126968	0.163670656339281	0.0042965786320227	0.0110293616430274	0	0	3.95595638039879e-05	0.00328627563588567	0.479213840100132	0.0133045429779324	0.0251762890197798	0.0338473895582329	0.056390243902439	0.584	0.5895	0.083237212757095	0.174940138001946	**	0.0160642570281124	0.032520325203252	0.021505376344086
SBS4	IHC-EHC	IHC	EHC	0.554799361604283	0	0	0.000259146177556965	0.00508274511043347	0.397257445216931	0.0167480131322742	0.0279882904022568	0	0	8.84456624080649e-05	0.00718381901205054	0.131064423155733	0.0107996539415755	0.0195346681590262	0.0806144578313253	0.0609024390243902	0.745666666666667	0.6714	0.191853937076585	0.0969877272534034		0.0602409638554217	0.040650406504065	0.0537634408602151
SBS40a	IHC-EHC	IHC	EHC	0.0126966469183361	0	0.00325735724352548	0.0322126705721838	0.176289262765913	0.529461293285671	0.0985073539202003	0.116801576791095	0	0.000942337911749006	0.0121165858882677	0.0825179927659762	0.40858650807605	0.0592463910428905	0.0714441774340738	0.317943775100402	0.216772357723577	0.862704225352113	0.866473684210526	0.278727315055979	0.242510698746972	*	0.285140562248996	0.154471544715447	0.241935483870968
SBS40b	IHC-EHC	IHC	EHC	0.263893796124711	0	0	0.000375082789514621	0.00524053507229951	0.222388912334063	0.00927374690098052	0.0147080444480519	0	0	0.000193560098497283	0.00349021934880882	0.293561242246478	0.00801929050986603	0.0138925737001905	0.0622369477911647	0.049869918699187	0.713125	0.816666666666667	0.103520271211686	0.159658306744814		0.0321285140562249	0.024390243902439	0.0295698924731183
SBS40c	IHC-EHC	IHC	EHC	0.300828818396649	0	0.000269627344047602	0.0055868704222664	0.0401768660414822	0.529417363776513	0.0362051577406248	0.0450754213870779	0	0.000226931180601891	0.00403037403987131	0.0298304710049006	0.299863463656931	0.0286158392217053	0.0348489923195025	0.153698795180723	0.119406504065041	0.752111111111111	0.761	0.188838186731489	0.191998688277268		0.108433734939759	0.0813008130081301	0.0994623655913978
SBS42	IHC-EHC	IHC	EHC	0.234393513703437	0	0.00175484257338922	0.0274793091599828	0.112382796690218	0.992754447020559	0.0720321328240738	0.0807927976270018	0	0.00177038738976957	0.044195187910969	0.128356174890987	0.524407671424412	0.0896302612893794	0.10022292853267	0.357602409638554	0.397105691056911	0.767806818181819	0.802804347826087	0.176182734242937	0.205608408894477		0.353413654618474	0.373983739837398	0.360215053763441
SBS44	IHC-EHC	IHC	EHC	0.0492597927069843	0	0	0	0	0.204729728116056	0.00224269990458881	0.0253832852837551	0	0	0	0	0.365330999888926	0.00712522037289437	0.0461264266245267	0.0123694779116466	0.0321626016260163	0.6785	0.7895	0.161842241586542	0.263434364534777	*	0.00803212851405622	0.016260162601626	0.010752688172043
SBS5	IHC-EHC	IHC	EHC	0.326806256673949	0	0.00457341123864809	0.027789665143147	0.111346818754012	0.583094697604496	0.0749576102086168	0.0856167199171815	0	0.00463380616312476	0.0249926121968873	0.0827496784769135	0.270945903503099	0.0529170894581058	0.0586378558860092	0.268116465863454	0.223772357723577	0.78475	0.7017	0.225540658812685	0.161180237004872		0.208835341365462	0.16260162601626	0.193548387096774
SBS86	IHC-EHC	IHC	EHC	0.166845829474062	0	0	0.00306700804398392	0.0194431085058656	0.210556162493494	0.0176228190851896	0.023978589902799	0	0	0.00116874257633144	0.0152382833072177	0.0989247663685182	0.0130785037657732	0.0189253642728248	0.160907630522088	0.13109756097561	0.697269230769231	0.68025	0.0915786848249149	0.0732024770361161		0.104417670682731	0.0975609756097561	0.102150537634409
SBS87	IHC-EHC	IHC	EHC	0.0158935555668594	0	0.0020945129706007	0.0256013215908368	0.0985557662051779	0.520217693742437	0.0695415665413704	0.0773029020928627	0	0.01122121243986	0.0636997363494912	0.126017453943556	0.466551383752656	0.0919228834184209	0.102786496913325	0.320714859437751	0.383552845528455	0.762444444444444	0.747681818181818	0.187884521326124	0.196906657065432	*	0.289156626506024	0.357723577235772	0.311827956989247
SBS9	IHC-EHC	IHC	EHC	0.24576850983262	0	0	0	0.0010447732540014	0.0717084737934945	0.00319271626588851	0.00703527743545344	0	0	0	0.000865370013598167	0.22246902510209	0.00597957764511006	0.0163441788966342	0.030863453815261	0.0479756097560976	0.521	0.89275	0.0386014544077384	0.11229975355496		0.00401606425702811	0.032520325203252	0.0134408602150538
SBS96	IHC-EHC	IHC	EHC	0.111758656205865	0	5.00072520264459e-05	0.00130281535209121	0.0125077186371545	0.205685300746759	0.0157389328958476	0.0208457143141811	0	0	0.000562869245400195	0.0101618189753136	0.237641464513491	0.0125590871946947	0.0181737379405582	0.113678714859438	0.0797073170731707	0.682941176470588	0.804333333333333	0.117025104226796	0.16535859377452		0.0682730923694779	0.024390243902439	0.0537634408602151
SBS97	IHC-EHC	IHC	EHC	0.0575759661382822	0	2.57072483023735e-05	0.00673119676158186	0.0359623604840251	0.178233358893624	0.0224848596800437	0.0299397329429459	0	0	0.00262483953640754	0.0232110278617239	0.107724954932265	0.0158863301939348	0.0238294952909022	0.238939759036145	0.167772357723577	0.698125	0.657461538461539	0.0730610574823845	0.0671912921401871		0.224899598393574	0.105691056910569	0.185483870967742
SBS98	IHC-EHC	IHC	EHC	0.148014036876315	0	0	0.000219120266069733	0.00806515663215848	0.189851262771062	0.00943594581639125	0.0166634787821377	0	0	0.00143833087201068	0.0061727077144326	0.074854259571121	0.00796124319539885	0.0113864292213263	0.084710843373494	0.0786341463414634	0.660363636363636	0.6008	0.0952128810582684	0.0684229571317886		0.0441767068273092	0.040650406504065	0.0430107526881721
SBS99	IHC-EHC	IHC	EHC	0.587955502259639	0	6.60294661346811e-05	0.00257882477338172	0.0198507220953754	0.197142974090366	0.0173228314232275	0.0223491452040603	0	0.000126853656967611	0.00267861649256916	0.0207209860702737	0.132675216724308	0.0178732928530328	0.0222062123325559	0.140433734939759	0.14390243902439	0.671666666666667	0.674818181818182	0.0965258844926046	0.0967554348960288		0.0843373493975904	0.0894308943089431	0.0860215053763441
apobec	IHC-EHC	IHC	EHC	3.46447007216978e-07	0	0.00298798962847845	0.0284110922644527	0.0716511381847262	0.681968034436686	0.0575675674926732	0.0682586871698839	0	0.0233943942591774	0.0768531961611897	0.189577025621687	0.761498660527483	0.137523382254583	0.152390774930754					0.122561085017125	0.210743516690218	***	0.409638554216867	0.626016260162602	0.481182795698925
treatment	IHC-EHC	IHC	EHC	0.301544457125063	0	0.0200840033111894	0.105075435353675	0.191910353645564	0.554283129871734	0.125952649651175	0.130133650469471	0	0.0487353032041822	0.11558097662624	0.184661618272212	0.513805823725203	0.137020823188205	0.142826790272451					0.221053109939049	0.216656421503023		0.461847389558233	0.51219512195122	0.478494623655914
SBS1	IHC-PHC	IHC	PHC	0.000519595515465195	0	0.0519546659822771	0.123580239787288	0.215653198410022	0.66396281462604	0.146254823491351	0.155630132689514	0.0033824139586847	0.0998836574744344	0.178119439362111	0.313763073753805	0.54136118824649	0.205412752688723	0.205412752688723	0.77481124497992	0.87912	0.919064039408867	0.949671641791045	0.177050551083917	0.227183495388372	***	0.815261044176707	0.893333333333333	0.846774193548387
SBS10a	IHC-PHC	IHC	PHC	0.588160460052776	0	0	0	0	0.334542410946104	0.00134354381906066	0.334542410946104	0	0	0	0	0	0		0.00401606425702811	0	1		0.334542410946104			0.00401606425702811		0.00268817204301075
SBS10b	IHC-PHC	IHC	PHC	0.94139502395648	0	0	0	0	0.484331488959397	0.00210490028207443	0.174706723412177	0	0	0	0	0.000439449952213611	5.85933269618148e-06	0.000439449952213611	0.00691164658634538	9.33333333333333e-05	0.8505		0.261535133244837			0.00803212851405622		0.00537634408602151
SBS10c	IHC-PHC	IHC	PHC	0.0982458181861975	0	8.43626529607458e-05	0.00363915528654848	0.0300210174891574	0.167192825139409	0.0206013087897611	0.0263062866084642	0	0	0.0015890703353416	0.0141537536708799	0.216879598465588	0.0196643849946034	0.0300985484611276	0.188180722891566	0.141813333333333	0.802794871794872	0.773555555555556	0.0825917116315928	0.113985042131177		0.156626506024096	0.12	0.139784946236559
SBS10d	IHC-PHC	IHC	PHC	0.785361985495344	0	0	0	0.00063231377234627	0.0510093992738327	0.0023580035068478	0.00581329577430795	0	0	0	0.000590416296227755	0.0173912559935261	0.00101587641365532	0.00253969103413829	0.0246024096385542	0.0134666666666667								
SBS12	IHC-PHC	IHC	PHC	0.0147065932181003	0	0.00022933777153375	0.00455455972852995	0.0304995336583171	0.27609409728505	0.0243534680307381	0.0306263310083524	0	0	0.00109293297926731	0.0163112499749172	0.111605430675762	0.0128528564962223	0.0181880044757863	0.197787148594378	0.110773333333333	0.839666666666667	0.76125	0.111530454193201	0.0809592961225716	*	0.132530120481928	0.0533333333333333	0.104838709677419
SBS13	IHC-PHC	IHC	PHC	0.0791868256860688	0	0	0.00343610106746175	0.0278696424157278	0.297676958865381	0.0241887055372101	0.0356389803477238	0	0	0.00974544374747595	0.0596263407836287	0.463620968638295	0.0551410788824597	0.0827116183236896	0.259008032128514	0.374213333333333	0.864203703703704	0.920576923076923	0.0908968607132003	0.148425480901157		0.216867469879518	0.346666666666667	0.28494623655914
SBS15	IHC-PHC	IHC	PHC	0.159376967491205	0	0	0	0	0.470187594874985	0.0226791146984428	0.15686387666423	0	0	0	0	0.425966119077753	0.0310764189552802	0.145670713852876	0.0920923694779117	0.126746666666667	0.919434782608696	0.8892	0.239347517507093	0.228273704939924		0.0923694779116466	0.133333333333333	0.102150537634409
SBS16	IHC-PHC	IHC	PHC	0.0135056927193101	0	0	0.00334301981683955	0.0284036199951171	0.52116963921508	0.0351588763448111	0.0478391268298249	0	0	0.000404016378936837	0.011623380905638	0.287467679142568	0.023338158425046	0.0397809518608738	0.205903614457831	0.131853333333333	0.757955555555555	0.80525	0.155014418727994	0.171251439655394	*	0.180722891566265	0.106666666666667	0.150537634408602
SBS17a	IHC-PHC	IHC	PHC	0.107817921071915	0	0	0	0.00522614263396577	0.070347275135464	0.00648407534727062	0.0144154889416999	0	0	4.14596887737369e-05	0.0153488933260872	0.077104001815941	0.00976110720710643	0.0187713600136662	0.0849317269076305	0.12212	0.621076923076923	0.596	0.0516699982651847	0.052343129485552		0.0522088353413655	0.04	0.0430107526881721
SBS17b	IHC-PHC	IHC	PHC	0.202652420104821	0	0	0	0.00423130891716372	0.154431170928296	0.00674190176744301	0.0176708793694033	0	0	0	0.00114401623777356	0.272818530043091	0.00707692310565969	0.0230769231706294	0.102313253012048	0.0791333333333333	0.784222222222222	0.81325	0.0582957921639925	0.0976546510396703		0.072289156626506	0.0533333333333333	0.0725806451612903
SBS18	IHC-PHC	IHC	PHC	0.0299383429015697	0	0	0.00140198991891194	0.0155938791129831	0.410935371715329	0.0223119559330731	0.0328738285641136	0	0	0.000250379947288392	0.00720202009554292	0.100958944021584	0.00965459332885027	0.0181023624915943	0.13574297188755	0.08032	0.840260869565218	0.716	0.154263269197685	0.0702042071929941	*	0.0923694779116466	0.0533333333333333	0.0806451612903226
SBS2	IHC-PHC	IHC	PHC	0.0178900229411391	0	0.00029589729894461	0.0154528534501833	0.0483354483265527	0.384291075571305	0.0333788619554631	0.0419764476106581	0	0.00180756524839115	0.0322141789628282	0.079822734133979	0.413907588019391	0.0630374482743785	0.0762549777512644	0.395522088353414	0.494746666666667	0.823903225806451	0.866555555555556	0.0764386310046827	0.120313830667493	*	0.373493975903614	0.48	0.438172043010753
SBS20	IHC-PHC	IHC	PHC	0.130545581082196	0	0	0	0	0.266509731797649	0.00618011821987394	0.0530637736809865	0	0	0	0	0.101420572140436	0.00461111394331113	0.024702396124881	0.0420843373493976	0.03596	0.804363636363636	0.524	0.126382643996782	0.0751895718812871		0.0441767068273092	0.0266666666666667	0.0376344086021505
SBS21	IHC-PHC	IHC	PHC	0.320277076583875	0	0	0	0	0.254310265529758	0.00269743499791374	0.0292026658469792	0	0	0	0	0.15916659840654	0.00247215594531673	0.0185411695898754	0.0190843373493976	0.01888	0.844	0.999	0.127258920221606	0.15916659840654		0.0200803212851406	0.0133333333333333	0.0188172043010753
SBS22a	IHC-PHC	IHC	PHC	0.0364775107327281	0	0	0.000143875450598681	0.00969087034907363	1	0.045386927775591	0.0763604392981227	0	0	0	0.00277870875438519	0.462258302632155	0.0171305967716575	0.0377880811139505	0.147646586345382	0.0884	0.8709	0.863	0.348597389834475	0.221743831043266	*	0.120481927710843	0.0666666666666667	0.0967741935483871
SBS22b	IHC-PHC	IHC	PHC	0.946524536086719	0	0	3.54707665654388e-05	0.00126501837678172	0.0983856251638622	0.00260910292996563	0.00515608436159875	0	0	0	0.00181147442151161	0.0789858171729508	0.00455516496092522	0.0100481580020409	0.0313975903614458	0.0515866666666667	0.79	0.788	0.0663070007008728	0.0652740551428637		0.00803212851405622	0.0266666666666667	0.010752688172043
SBS24	IHC-PHC	IHC	PHC	0.0518255878178609	0	0.000170164016155398	0.00807969692767335	0.0460454537954681	0.859713259473444	0.0517649068854643	0.0654287401750284	0	0	0.00305862809214078	0.0302109428592854	0.294670293488865	0.0245003415256356	0.0360299140082876	0.236088353413655	0.151746666666667	0.778577777777778	0.686	0.214985533813825	0.141510901105184		0.180722891566265	0.08	0.163978494623656
SBS28	IHC-PHC	IHC	PHC	0.832056177535615	0	0	0	0.00100058802524429	0.168013083121289	0.00353963517308294	0.0111565716214893	0	0	0	0.00202190034674817	0.0733891164939339	0.00364595871282481	0.0109378761384744	0.0456305220883534	0.0456533333333333	0.9455	0.601	0.131668991465328	0.0650814147062762		0.00803212851405622	0.0266666666666667	0.010752688172043
SBS29	IHC-PHC	IHC	PHC	0.0324831149072205	0	0	0.000679754489598978	0.00623218602174274	0.58895695643882	0.0114942896946469	0.0172414345419703	0	0	0.000151870204194624	0.00236996676554491	0.134973609898318	0.00596615113193401	0.010653841307025	0.0694016064257028	0.0454933333333333	0.699857142857143	0.819	0.204974407892319	0.115308395516844	*	0.0281124497991968	0.0266666666666667	0.0295698924731183
SBS3	IHC-PHC	IHC	PHC	0.236097515513255	0	0.000174215620703493	0.00410401621666367	0.0331839549017114	0.419874811772686	0.0372996472471872	0.0481223428215006	0	0	0.0030884839805387	0.0202134669747528	0.501708660021504	0.0327262616680526	0.0490893925020789	0.152321285140562	0.133933333333333	0.778285714285714	0.7037	0.217421504883185	0.185787503426433		0.112449799196787	0.133333333333333	0.120967741935484
SBS32	IHC-PHC	IHC	PHC	0.171617219108516	0	3.96659397410123e-05	0.00248537242409221	0.0246306859490464	0.34161622036908	0.0214654326013874	0.0279837315065207	0	0	0.000857332931174128	0.0168945890701602	0.374253635409386	0.0175762634226715	0.0263643951340072	0.15433734939759	0.11224	0.686791666666667	0.6734	0.119932493963994	0.147796177915073		0.0963855421686747	0.0666666666666667	0.0806451612903226
SBS38	IHC-PHC	IHC	PHC	0.00508752259855567	0	0	0	0.000677991179126968	0.163670656339281	0.0042965786320227	0.0110293616430274	0	0	6.07499101814777e-05	0.00546178882269824	0.479213840100132	0.0203545487890128	0.0372339307116088	0.0338473895582329	0.0750933333333333	0.584	0.5895	0.083237212757095	0.174940138001946	**	0.0160642570281124	0.0533333333333333	0.021505376344086
SBS4	IHC-PHC	IHC	PHC	1	0	0	0.000259146177556965	0.00508274511043347	0.397257445216931	0.0167480131322742	0.0279882904022568	0	0	0.000197346592945144	0.00602267488966363	0.0967575184714047	0.00943804796601375	0.0153881216837181	0.0806144578313253	0.04436	0.745666666666667	0.577	0.191853937076585	0.0838598607129535		0.0602409638554217	0.0133333333333333	0.0537634408602151
SBS40a	IHC-PHC	IHC	PHC	0.061941463041659	0	0.00325735724352548	0.0322126705721838	0.176289262765913	0.529461293285671	0.0985073539202003	0.116801576791095	0	0.000672697349333079	0.0157911530026117	0.0839578032030354	0.40858650807605	0.0695372164686324	0.0869215205857905	0.317943775100402	0.242853333333333	0.862704225352113	0.933692307692308	0.278727315055979	0.278742626109857		0.285140562248996	0.173333333333333	0.241935483870968
SBS40b	IHC-PHC	IHC	PHC	0.217075496984828	0	0	0.000375082789514621	0.00524053507229951	0.222388912334063	0.00927374690098052	0.0147080444480519	0	0	0.000129846297087768	0.00383221474575033	0.115064875667105	0.00689839107511931	0.0129344832658487	0.0622369477911647	0.0518933333333333	0.713125	0.779	0.103520271211686	0.092706838993982		0.0321285140562249	0.0266666666666667	0.0295698924731183
SBS40c	IHC-PHC	IHC	PHC	0.486204884220996	0	0.000269627344047602	0.0055868704222664	0.0401768660414822	0.529417363776513	0.0362051577406248	0.0450754213870779	0	0.000232374406903879	0.00282961433346113	0.0290350018878017	0.299863463656931	0.0323440565992597	0.0391258749184593	0.153698795180723	0.128413333333333	0.752111111111111	0.7435	0.188838186731489	0.193065303319667		0.108433734939759	0.106666666666667	0.0994623655913978
SBS42	IHC-PHC	IHC	PHC	0.0199868613663549	0	0.00175484257338922	0.0274793091599828	0.112382796690218	0.992754447020559	0.0720321328240738	0.0807927976270018	0	0.00361877192217087	0.0691795867063997	0.188682959772624	0.524407671424412	0.11651119695959	0.13239908745408	0.357602409638554	0.460826666666667	0.767806818181819	0.822	0.176182734242937	0.226649471614695	*	0.353413654618474	0.466666666666667	0.360215053763441
SBS44	IHC-PHC	IHC	PHC	0.0720373438164609	0	0	0	0	0.204729728116056	0.00224269990458881	0.0253832852837551	0	0	0	0	0.161537729180627	0.00524059369241142	0.0327537105775713	0.0123694779116466	0.0265066666666667	0.6785	0.579	0.161842241586542	0.161537729180627		0.00803212851405622	0.0133333333333333	0.010752688172043
SBS5	IHC-PHC	IHC	PHC	0.0487114908375588	0	0.00457341123864809	0.027789665143147	0.111346818754012	0.583094697604496	0.0749576102086168	0.0856167199171815	0	0.00230190037289315	0.0164319856656451	0.0516591610087092	0.190524225169971	0.0415809244306019	0.0472510504893204	0.268116465863454	0.184333333333333	0.78475	0.76425	0.225540658812685	0.151625796096126	*	0.208835341365462	0.106666666666667	0.193548387096774
SBS86	IHC-PHC	IHC	PHC	0.0251003621653792	0	0	0.00306700804398392	0.0194431085058656	0.210556162493494	0.0176228190851896	0.023978589902799	0	0	0.000650302548847818	0.00742757913287784	0.0989247663685182	0.0104898821663623	0.0163904408849411	0.160907630522088	0.10484	0.697269230769231	0.669333333333333	0.0915786848249149	0.0761438275268074	*	0.104417670682731	0.08	0.102150537634409
SBS87	IHC-PHC	IHC	PHC	0.586049908694517	0	0.0020945129706007	0.0256013215908368	0.0985557662051779	0.520217693742437	0.0695415665413704	0.0773029020928627	0	0.00178196732761095	0.0502641494666663	0.10408341458315	0.438138925688142	0.0774630213572447	0.0922178825681485	0.320714859437751	0.328026666666667	0.762444444444444	0.728260869565218	0.187884521326124	0.189168457783146		0.289156626506024	0.306666666666667	0.311827956989247
SBS9	IHC-PHC	IHC	PHC	0.589972139125401	0	0	0	0.0010447732540014	0.0717084737934945	0.00319271626588851	0.00703527743545344	0	0	0	0.00145410748011134	0.22246902510209	0.00892396274700286	0.0239034716437577	0.030863453815261	0.07016	0.521	0.89275	0.0386014544077384	0.11229975355496		0.00401606425702811	0.0533333333333333	0.0134408602150538
SBS96	IHC-PHC	IHC	PHC	0.212926113657645	0	5.00072520264459e-05	0.00130281535209121	0.0125077186371545	0.205685300746759	0.0157389328958476	0.0208457143141811	0	0	0.000562869245400195	0.0131545544580905	0.237641464513491	0.0125073933574534	0.0187610900361801	0.113678714859438	0.0764133333333333	0.682941176470588	0.928	0.117025104226796	0.237641464513491		0.0682730923694779	0.0133333333333333	0.0537634408602151
SBS97	IHC-PHC	IHC	PHC	0.0183941242695306	0	2.57072483023735e-05	0.00673119676158186	0.0359623604840251	0.178233358893624	0.0224848596800437	0.0299397329429459	0	0	0.000852517793546427	0.0222560260906632	0.107724954932265	0.01447647179568	0.0236029431451305	0.238939759036145	0.142106666666667	0.698125	0.7145	0.0730610574823845	0.0871253496775189	*	0.224899598393574	0.0533333333333333	0.185483870967742
SBS98	IHC-PHC	IHC	PHC	0.908181923609231	0	0	0.000219120266069733	0.00806515663215848	0.189851262771062	0.00943594581639125	0.0166634787821377	0	0	0.00115542042963095	0.00437027571713276	0.0467689309476488	0.00399128715043447	0.00623638617255386	0.084710843373494	0.0432666666666667	0.660363636363636		0.0952128810582684			0.0441767068273092		0.0430107526881721
SBS99	IHC-PHC	IHC	PHC	0.469320988505947	0	6.60294661346811e-05	0.00257882477338172	0.0198507220953754	0.197142974090366	0.0173228314232275	0.0223491452040603	0	0.000129423319313342	0.00385628017001767	0.0267048481056648	0.132675216724308	0.0190215392581702	0.0233871384321765	0.140433734939759	0.14884	0.671666666666667	0.66	0.0965258844926046	0.0928889127850791		0.0843373493975904	0.106666666666667	0.0860215053763441
apobec	IHC-PHC	IHC	PHC	0.015128034133904	0	0.00298798962847845	0.0284110922644527	0.0716511381847262	0.681968034436686	0.0575675674926732	0.0682586871698839	0	0.00955826803626555	0.0515285463177369	0.161769807307458	0.761498660527483	0.118178527156838	0.13849046151192					0.122561085017125	0.209862042398307	*	0.409638554216867	0.533333333333333	0.481182795698925
treatment	IHC-PHC	IHC	PHC	0.88928563655479	0	0.0200840033111894	0.105075435353675	0.191910353645564	0.554283129871734	0.125952649651175	0.130133650469471	0	0.0430009748265777	0.0992619341786367	0.177952903382121	0.513805823725203	0.124550706204449	0.131567647399066					0.221053109939049	0.212581423537046		0.461847389558233	0.466666666666667	0.478494623655914
SBS1	IHC-DCC	IHC	DCC	0.00363307928796888	0	0.0519546659822771	0.123580239787288	0.215653198410022	0.66396281462604	0.146254823491351	0.155630132689514	0.0139529439407918	0.0823833838382334	0.19129517081156	0.313467969125894	0.526081369275771	0.218039634263962	0.218039634263962	0.77481124497992	0.861634146341464	0.919064039408867	0.905052631578947	0.177050551083917	0.233191160345693	**	0.815261044176707	0.926829268292683	0.846774193548387
SBS10a	IHC-DCC	IHC	DCC	0.692190309284569	0	0	0	0	0.334542410946104	0.00134354381906066	0.334542410946104	0	0	0	0	0	0		0.00401606425702811	0	1		0.334542410946104			0.00401606425702811		0.00268817204301075
SBS10b	IHC-DCC	IHC	DCC	0.484218584392148	0	0	0	0	0.484331488959397	0.00210490028207443	0.174706723412177	0	0	0	0	0	0		0.00691164658634538	0	0.8505		0.261535133244837			0.00803212851405622		0.00537634408602151
SBS10c	IHC-DCC	IHC	DCC	0.104923009587437	0	8.43626529607458e-05	0.00363915528654848	0.0300210174891574	0.167192825139409	0.0206013087897611	0.0263062866084642	0	0	0.00198991590778551	0.0085984618441712	0.111021472411736	0.0123071717945116	0.0173997946060336	0.188180722891566	0.102829268292683	0.802794871794872	0.636	0.0825917116315928	0.0836962215852038		0.156626506024096	0.0487804878048781	0.139784946236559
SBS10d	IHC-DCC	IHC	DCC	0.665874502918916	0	0	0	0.00063231377234627	0.0510093992738327	0.0023580035068478	0.00581329577430795	0	0	0	0.000387702105391228	0.0318694304206835	0.00184539875339493	0.00398217625732591	0.0246024096385542	0.0226829268292683								
SBS12	IHC-DCC	IHC	DCC	1.12706117071851e-05	0	0.00022933777153375	0.00455455972852995	0.0304995336583171	0.27609409728505	0.0243534680307381	0.0306263310083524	0	0	7.23903302795802e-05	0.00258951486113821	0.0354045732108834	0.00411388273587934	0.00766678146232059	0.197787148594378	0.0467560975609756	0.839666666666667	0.556	0.111530454193201	0.0354045732108834	***	0.132530120481928	0.024390243902439	0.104838709677419
SBS13	IHC-DCC	IHC	DCC	1.00144058235794e-07	0	0	0.00343610106746175	0.0278696424157278	0.297676958865381	0.0241887055372101	0.0356389803477238	0	0.0119398663770027	0.0550733705996549	0.113135722861425	0.470465165355733	0.079201264835279	0.0854539962696431	0.259008032128514	0.576219512195122	0.864203703703704	0.902652173913043	0.0908968607132003	0.132120219085901	***	0.216867469879518	0.560975609756098	0.28494623655914
SBS15	IHC-DCC	IHC	DCC	0.260185160450866	0	0	0	0	0.470187594874985	0.0226791146984428	0.15686387666423	0	0	0	0	0.281482054137319	0.0228615103044753	0.104146880275943	0.0920923694779117	0.127243902439024	0.919434782608696	0.9332	0.239347517507093	0.178832353299547		0.0923694779116466	0.121951219512195	0.102150537634409
SBS16	IHC-DCC	IHC	DCC	0.112932792470638	0	0	0.00334301981683955	0.0284036199951171	0.52116963921508	0.0351588763448111	0.0478391268298249	0	0	0.00109400125001195	0.00695878351756663	0.195323690907635	0.0155863420666872	0.0220358629218681	0.205903614457831	0.109024390243902	0.757955555555555	0.754333333333333	0.155014418727994	0.141822723940911		0.180722891566265	0.0731707317073171	0.150537634408602
SBS17a	IHC-DCC	IHC	DCC	0.739832149167989	0	0	0	0.00522614263396577	0.070347275135464	0.00648407534727062	0.0144154889416999	0	0	0	0.00453118670425475	0.0194895638032865	0.00325431301949178	0.00702246493679805	0.0849317269076305	0.0446585365853659	0.621076923076923		0.0516699982651847			0.0522088353413655		0.0430107526881721
SBS17b	IHC-DCC	IHC	DCC	0.0623675181076253	0	0	0	0.00423130891716372	0.154431170928296	0.00674190176744301	0.0176708793694033	0	0	0.00066243245542864	0.0119113409267863	0.0747137557744035	0.00938095287350948	0.0174826849006313	0.102313253012048	0.143268292682927	0.784222222222222	0.72875	0.0582957921639925	0.0587987943928703		0.072289156626506	0.0975609756097561	0.0725806451612903
SBS18	IHC-DCC	IHC	DCC	0.552233545811767	0	0	0.00140198991891194	0.0155938791129831	0.410935371715329	0.0223119559330731	0.0328738285641136	0	0	0.000745157244731179	0.00885730149048272	0.103413479247776	0.00931545317820732	0.0131701234588448	0.13574297188755	0.0760243902439024	0.840260869565218	0.594	0.154263269197685	0.103413479247776		0.0923694779116466	0.024390243902439	0.0806451612903226
SBS2	IHC-DCC	IHC	DCC	6.8752826443366e-09	0	0.00029589729894461	0.0154528534501833	0.0483354483265527	0.384291075571305	0.0333788619554631	0.0419764476106581	0.000204353261907229	0.0296315783900739	0.0705489157264475	0.132438816816598	0.467203420738839	0.100458443812136	0.100458443812136	0.395522088353414	0.742560975609756	0.823903225806451	0.931333333333333	0.0764386310046827	0.132397410347583	***	0.373493975903614	0.731707317073171	0.438172043010753
SBS20	IHC-DCC	IHC	DCC	0.931195528464354	0	0	0	0	0.266509731797649	0.00618011821987394	0.0530637736809865	0	0	0	0	0.272534090050036	0.00736637396436293	0.060404266507776	0.0420843373493976	0.0342682926829268	0.804363636363636	1	0.126382643996782	0.272534090050036		0.0441767068273092	0.024390243902439	0.0376344086021505
SBS21	IHC-DCC	IHC	DCC	0.302631163332649	0	0	0	0	0.254310265529758	0.00269743499791374	0.0292026658469792	0	0	0	0	0.003681964086928	0.000163971080638566	0.0011204690510302	0.0190843373493976	0.00290243902439024	0.844		0.127258920221606			0.0200803212851406		0.0188172043010753
SBS22a	IHC-DCC	IHC	DCC	0.206646236614388	0	0	0.000143875450598681	0.00969087034907363	1	0.045386927775591	0.0763604392981227	0	0	0	0.00436270991880111	0.0697222403548402	0.00508457716922176	0.0104233831969046	0.147646586345382	0.0604146341463415	0.8709	0.716	0.348597389834475	0.0697222403548402		0.120481927710843	0.024390243902439	0.0967741935483871
SBS22b	IHC-DCC	IHC	DCC	0.0527754718226273	0	0	3.54707665654388e-05	0.00126501837678172	0.0983856251638622	0.00260910292996563	0.00515608436159875	0	0	0	0.000204534512145671	0.0267420400873493	0.00123781418341477	0.00362502725142896	0.0313975903614458	0.0158536585365854	0.79		0.0663070007008728			0.00803212851405622		0.010752688172043
SBS24	IHC-DCC	IHC	DCC	0.198043344261553	0	0.000170164016155398	0.00807969692767335	0.0460454537954681	0.859713259473444	0.0517649068854643	0.0654287401750284	0	0.00153951320179097	0.0234191201348382	0.0558772865417506	0.219430813500859	0.0410277542969946	0.0467260535049105	0.236088353413655	0.267682926829268	0.778577777777778	0.680444444444444	0.214985533813825	0.120540079575597		0.180722891566265	0.219512195121951	0.163978494623656
SBS28	IHC-DCC	IHC	DCC	0.663482795411309	0	0	0	0.00100058802524429	0.168013083121289	0.00353963517308294	0.0111565716214893	0	0	0	0.00216052351441618	0.0161557426442323	0.00207397185545753	0.00566885640491725	0.0456305220883534	0.0346341463414634	0.9455		0.131668991465328			0.00803212851405622		0.010752688172043
SBS29	IHC-DCC	IHC	DCC	0.189582793927516	0	0	0.000679754489598978	0.00623218602174274	0.58895695643882	0.0114942896946469	0.0172414345419703	0	0	0.00158642137941916	0.0114409210160892	0.0930419066995564	0.0116226000337394	0.0158842200461105	0.0694016064257028	0.0818292682926829	0.699857142857143	0.584	0.204974407892319	0.066659204674332		0.0281124497991968	0.024390243902439	0.0295698924731183
SBS3	IHC-DCC	IHC	DCC	0.511951743030744	0	0.000174215620703493	0.00410401621666367	0.0331839549017114	0.419874811772686	0.0372996472471872	0.0481223428215006	0	0	0.00173112131914433	0.066236492446939	0.350923815149293	0.0462080444967232	0.0701677712728019	0.152321285140562	0.170829268292683	0.778285714285714	0.745333333333333	0.217421504883185	0.21418228198188		0.112449799196787	0.146341463414634	0.120967741935484
SBS32	IHC-DCC	IHC	DCC	0.391192423416248	0	3.96659397410123e-05	0.00248537242409221	0.0246306859490464	0.34161622036908	0.0214654326013874	0.0279837315065207	0	9.58552649979085e-05	0.00135925146842244	0.00844119637034657	0.123313632025084	0.0099208389099357	0.0127110748533551	0.15433734939759	0.0855365853658537	0.686791666666667	0.59	0.119932493963994	0.123313632025084		0.0963855421686747	0.024390243902439	0.0806451612903226
SBS38	IHC-DCC	IHC	DCC	0.174791560172087	0	0	0	0.000677991179126968	0.163670656339281	0.0042965786320227	0.0110293616430274	0	0	4.42108610252008e-05	0.00156889129816707	0.0265701581203573	0.00231694176253166	0.00431793692108173	0.0338473895582329	0.0269512195121951	0.584		0.083237212757095			0.0160642570281124		0.021505376344086
SBS4	IHC-DCC	IHC	DCC	0.392867570538177	0	0	0.000259146177556965	0.00508274511043347	0.397257445216931	0.0167480131322742	0.0279882904022568	0	0	0	0.0109177048518877	0.131064423155733	0.0147227968461408	0.0317702458258829	0.0806144578313253	0.0986585365853659	0.745666666666667	0.695	0.191853937076585	0.100269693888516		0.0602409638554217	0.0975609756097561	0.0537634408602151
SBS40a	IHC-DCC	IHC	DCC	0.0540396911695141	0	0.00325735724352548	0.0322126705721838	0.176289262765913	0.529461293285671	0.0985073539202003	0.116801576791095	0	0.00220445773822965	0.0121165858882677	0.0493201657418519	0.184400099604806	0.0381107514995308	0.0422308327427233	0.317943775100402	0.142390243902439	0.862704225352113	0.583333333333333	0.278727315055979	0.160971706470882		0.285140562248996	0.0731707317073171	0.241935483870968
SBS40b	IHC-DCC	IHC	DCC	0.411773112339785	0	0	0.000375082789514621	0.00524053507229951	0.222388912334063	0.00927374690098052	0.0147080444480519	0	0	0.000309760853886427	0.00174918574176723	0.0332118894151623	0.0028603765297866	0.00451059375850964	0.0622369477911647	0.0214878048780488	0.713125		0.103520271211686			0.0321285140562249		0.0295698924731183
SBS40c	IHC-DCC	IHC	DCC	0.383455417246977	0	0.000269627344047602	0.0055868704222664	0.0401768660414822	0.529417363776513	0.0362051577406248	0.0450754213870779	0	0.000297391094916037	0.00411937211819412	0.031732455972227	0.28532199240988	0.0218382792143787	0.0271324075087735	0.153698795180723	0.0930975609756098	0.752111111111111	0.985	0.188838186731489	0.28532199240988		0.108433734939759	0.024390243902439	0.0994623655913978
SBS42	IHC-DCC	IHC	DCC	0.364980696159765	0	0.00175484257338922	0.0274793091599828	0.112382796690218	0.992754447020559	0.0720321328240738	0.0807927976270018	0	0.00109927963899714	0.0231744099688746	0.0681113510618564	0.195213165756919	0.0425818994227539	0.0459436283245502	0.357602409638554	0.29109756097561	0.767806818181819	0.706333333333333	0.176182734242937	0.115890918217245		0.353413654618474	0.219512195121951	0.360215053763441
SBS44	IHC-DCC	IHC	DCC	0.233912059338758	0	0	0	0	0.204729728116056	0.00224269990458881	0.0253832852837551	0	0	0	0	0.0580651992757751	0.00287869704990793	0.0196710965077042	0.0123694779116466	0.023609756097561	0.6785		0.161842241586542			0.00803212851405622		0.010752688172043
SBS5	IHC-DCC	IHC	DCC	0.490276645050662	0	0.00457341123864809	0.027789665143147	0.111346818754012	0.583094697604496	0.0749576102086168	0.0856167199171815	0	0.00697074001793073	0.0438113094823023	0.123296665405944	0.254486643014996	0.0670724543828913	0.0705120674281677	0.268116465863454	0.273609756097561	0.78475	0.609	0.225540658812685	0.154712874164002		0.208835341365462	0.24390243902439	0.193548387096774
SBS86	IHC-DCC	IHC	DCC	0.455615624736845	0	0	0.00306700804398392	0.0194431085058656	0.210556162493494	0.0176228190851896	0.023978589902799	0	0.000123402790209271	0.00334254353034877	0.0270217725146514	0.098474720205983	0.0191745235116739	0.0245673582493322	0.160907630522088	0.191219512195122	0.697269230769231	0.691166666666667	0.0915786848249149	0.0702611265454249		0.104417670682731	0.146341463414634	0.102150537634409
SBS87	IHC-DCC	IHC	DCC	1.38279915255794e-05	0	0.0020945129706007	0.0256013215908368	0.0985557662051779	0.520217693742437	0.0695415665413704	0.0773029020928627	7.54046298640562e-05	0.0459826237251609	0.0813122086661693	0.174923906090432	0.466551383752656	0.129607908534959	0.129607908534959	0.320714859437751	0.523560975609756	0.762444444444444	0.768952380952381	0.187884521326124	0.205381827707936	***	0.289156626506024	0.51219512195122	0.311827956989247
SBS9	IHC-DCC	IHC	DCC	0.0501625393984359	0	0	0	0.0010447732540014	0.0717084737934945	0.00319271626588851	0.00703527743545344	0	0	0	0.000142470003306494	0.0105277741925347	0.000513545115965062	0.00161964228881289	0.030863453815261	0.00375609756097561	0.521		0.0386014544077384			0.00401606425702811		0.0134408602150538
SBS96	IHC-DCC	IHC	DCC	0.203252445552699	0	5.00072520264459e-05	0.00130281535209121	0.0125077186371545	0.205685300746759	0.0157389328958476	0.0208457143141811	0	0	0.000333269745424281	0.00527667470731729	0.14411749874525	0.0140152537153489	0.0198146690458381	0.113678714859438	0.0880731707317073	0.682941176470588	0.7425	0.117025104226796	0.129217158405035		0.0682730923694779	0.0487804878048781	0.0537634408602151
SBS97	IHC-DCC	IHC	DCC	0.966074266264335	0	2.57072483023735e-05	0.00673119676158186	0.0359623604840251	0.178233358893624	0.0224848596800437	0.0299397329429459	0	9.32680177695407e-05	0.0065182682794444	0.030687823869258	0.10039804640721	0.0192054022150826	0.0254006932522061	0.238939759036145	0.222414634146341	0.698125	0.637	0.0730610574823845	0.0577526388067839		0.224899598393574	0.195121951219512	0.185483870967742
SBS98	IHC-DCC	IHC	DCC	0.00402346329836117	0	0	0.000219120266069733	0.00806515663215848	0.189851262771062	0.00943594581639125	0.0166634787821377	0	0.000841146957933212	0.00304107817776451	0.0118496822077476	0.074854259571121	0.0119619840014424	0.0140126098302611	0.084710843373494	0.116585365853659	0.660363636363636	0.578666666666667	0.0952128810582684	0.0656489264885672	**	0.0441767068273092	0.0731707317073171	0.0430107526881721
SBS99	IHC-DCC	IHC	DCC	0.808406551255641	0	6.60294661346811e-05	0.00257882477338172	0.0198507220953754	0.197142974090366	0.0173228314232275	0.0223491452040603	0	0.00013169811772566	0.00139076807674373	0.0126655261816368	0.0979767169445868	0.012068872569585	0.0149946598591814	0.140433734939759	0.108317073170732	0.671666666666667	0.753	0.0965258844926046	0.0979767169445868		0.0843373493975904	0.024390243902439	0.0860215053763441
apobec	IHC-DCC	IHC	DCC	1.32029148991014e-09	0	0.00298798962847845	0.0284110922644527	0.0716511381847262	0.681968034436686	0.0575675674926732	0.0682586871698839	0.000204353261907229	0.0698113684919739	0.130330161035557	0.223912543003756	0.707941973143585	0.179659708647415	0.179659708647415					0.122561085017125	0.217916989049785	***	0.409638554216867	0.804878048780488	0.481182795698925
treatment	IHC-DCC	IHC	DCC	0.00729412614186524	0	0.0200840033111894	0.105075435353675	0.191910353645564	0.554283129871734	0.125952649651175	0.130133650469471	0.0254665897489531	0.0924954553661499	0.155273068447258	0.249244534780602	0.468164798074137	0.170772143526153	0.170772143526153					0.221053109939049	0.225848091130716	**	0.461847389558233	0.634146341463415	0.478494623655914
SBS1	DCC-PHC	DCC	PHC	0.790497870333273	0.0139529439407918	0.0823833838382334	0.19129517081156	0.313467969125894	0.526081369275771	0.218039634263962	0.218039634263962	0.0033824139586847	0.0998836574744344	0.178119439362111	0.313763073753805	0.54136118824649	0.205412752688723	0.205412752688723	0.861634146341464	0.87912	0.905052631578947	0.949671641791045	0.233191160345693	0.227183495388372		0.926829268292683	0.893333333333333	0.846774193548387
SBS10a	DCC-PHC	DCC	PHC		0	0	0	0	0	0		0	0	0	0	0	0		0	0								0.00268817204301075
SBS10b	DCC-PHC	DCC	PHC	0.470702992511409	0	0	0	0	0	0		0	0	0	0	0.000439449952213611	5.85933269618148e-06	0.000439449952213611	0	9.33333333333333e-05								0.00537634408602151
SBS10c	DCC-PHC	DCC	PHC	0.892430996830355	0	0	0.00198991590778551	0.0085984618441712	0.111021472411736	0.0123071717945116	0.0173997946060336	0	0	0.0015890703353416	0.0141537536708799	0.216879598465588	0.0196643849946034	0.0300985484611276	0.102829268292683	0.141813333333333	0.636	0.773555555555556	0.0836962215852038	0.113985042131177		0.0487804878048781	0.12	0.139784946236559
SBS10d	DCC-PHC	DCC	PHC	0.59815190286311	0	0	0	0.000387702105391228	0.0318694304206835	0.00184539875339493	0.00398217625732591	0	0	0	0.000590416296227755	0.0173912559935261	0.00101587641365532	0.00253969103413829	0.0226829268292683	0.0134666666666667								
SBS12	DCC-PHC	DCC	PHC	0.0229513853296593	0	0	7.23903302795802e-05	0.00258951486113821	0.0354045732108834	0.00411388273587934	0.00766678146232059	0	0	0.00109293297926731	0.0163112499749172	0.111605430675762	0.0128528564962223	0.0181880044757863	0.0467560975609756	0.110773333333333	0.556	0.76125	0.0354045732108834	0.0809592961225716	*	0.024390243902439	0.0533333333333333	0.104838709677419
SBS13	DCC-PHC	DCC	PHC	0.00441222617012122	0	0.0119398663770027	0.0550733705996549	0.113135722861425	0.470465165355733	0.079201264835279	0.0854539962696431	0	0	0.00974544374747595	0.0596263407836287	0.463620968638295	0.0551410788824597	0.0827116183236896	0.576219512195122	0.374213333333333	0.902652173913043	0.920576923076923	0.132120219085901	0.148425480901157	**	0.560975609756098	0.346666666666667	0.28494623655914
SBS15	DCC-PHC	DCC	PHC	0.974375589770094	0	0	0	0	0.281482054137319	0.0228615103044753	0.104146880275943	0	0	0	0	0.425966119077753	0.0310764189552802	0.145670713852876	0.127243902439024	0.126746666666667	0.9332	0.8892	0.178832353299547	0.228273704939924		0.121951219512195	0.133333333333333	0.102150537634409
SBS16	DCC-PHC	DCC	PHC	0.569284038220673	0	0	0.00109400125001195	0.00695878351756663	0.195323690907635	0.0155863420666872	0.0220358629218681	0	0	0.000404016378936837	0.011623380905638	0.287467679142568	0.023338158425046	0.0397809518608738	0.109024390243902	0.131853333333333	0.754333333333333	0.80525	0.141822723940911	0.171251439655394		0.0731707317073171	0.106666666666667	0.150537634408602
SBS17a	DCC-PHC	DCC	PHC	0.148539951020459	0	0	0	0.00453118670425475	0.0194895638032865	0.00325431301949178	0.00702246493679805	0	0	4.14596887737369e-05	0.0153488933260872	0.077104001815941	0.00976110720710643	0.0187713600136662	0.0446585365853659	0.12212		0.596		0.052343129485552			0.04	0.0430107526881721
SBS17b	DCC-PHC	DCC	PHC	0.0126585056476417	0	0	0.00066243245542864	0.0119113409267863	0.0747137557744035	0.00938095287350948	0.0174826849006313	0	0	0	0.00114401623777356	0.272818530043091	0.00707692310565969	0.0230769231706294	0.143268292682927	0.0791333333333333	0.72875	0.81325	0.0587987943928703	0.0976546510396703	*	0.0975609756097561	0.0533333333333333	0.0725806451612903
SBS18	DCC-PHC	DCC	PHC	0.309550491906554	0	0	0.000745157244731179	0.00885730149048272	0.103413479247776	0.00931545317820732	0.0131701234588448	0	0	0.000250379947288392	0.00720202009554292	0.100958944021584	0.00965459332885027	0.0181023624915943	0.0760243902439024	0.08032	0.594	0.716	0.103413479247776	0.0702042071929941		0.024390243902439	0.0533333333333333	0.0806451612903226
SBS2	DCC-PHC	DCC	PHC	0.00202749905346135	0.000204353261907229	0.0296315783900739	0.0705489157264475	0.132438816816598	0.467203420738839	0.100458443812136	0.100458443812136	0	0.00180756524839115	0.0322141789628282	0.079822734133979	0.413907588019391	0.0630374482743785	0.0762549777512644	0.742560975609756	0.494746666666667	0.931333333333333	0.866555555555556	0.132397410347583	0.120313830667493	**	0.731707317073171	0.48	0.438172043010753
SBS20	DCC-PHC	DCC	PHC	0.384691623195192	0	0	0	0	0.272534090050036	0.00736637396436293	0.060404266507776	0	0	0	0	0.101420572140436	0.00461111394331113	0.024702396124881	0.0342682926829268	0.03596	1	0.524	0.272534090050036	0.0751895718812871		0.024390243902439	0.0266666666666667	0.0376344086021505
SBS21	DCC-PHC	DCC	PHC	0.843437077874594	0	0	0	0	0.003681964086928	0.000163971080638566	0.0011204690510302	0	0	0	0	0.15916659840654	0.00247215594531673	0.0185411695898754	0.00290243902439024	0.01888		0.999		0.15916659840654			0.0133333333333333	0.0188172043010753
SBS22a	DCC-PHC	DCC	PHC	0.68571698412124	0	0	0	0.00436270991880111	0.0697222403548402	0.00508457716922176	0.0104233831969046	0	0	0	0.00277870875438519	0.462258302632155	0.0171305967716575	0.0377880811139505	0.0604146341463415	0.0884	0.716	0.863	0.0697222403548402	0.221743831043266		0.024390243902439	0.0666666666666667	0.0967741935483871
SBS22b	DCC-PHC	DCC	PHC	0.100019531851094	0	0	0	0.000204534512145671	0.0267420400873493	0.00123781418341477	0.00362502725142896	0	0	0	0.00181147442151161	0.0789858171729508	0.00455516496092522	0.0100481580020409	0.0158536585365854	0.0515866666666667		0.788		0.0652740551428637			0.0266666666666667	0.010752688172043
SBS24	DCC-PHC	DCC	PHC	0.00942813302029555	0	0.00153951320179097	0.0234191201348382	0.0558772865417506	0.219430813500859	0.0410277542969946	0.0467260535049105	0	0	0.00305862809214078	0.0302109428592854	0.294670293488865	0.0245003415256356	0.0360299140082876	0.267682926829268	0.151746666666667	0.680444444444444	0.686	0.120540079575597	0.141510901105184	**	0.219512195121951	0.08	0.163978494623656
SBS28	DCC-PHC	DCC	PHC	0.795747205660488	0	0	0	0.00216052351441618	0.0161557426442323	0.00207397185545753	0.00566885640491725	0	0	0	0.00202190034674817	0.0733891164939339	0.00364595871282481	0.0109378761384744	0.0346341463414634	0.0456533333333333		0.601		0.0650814147062762			0.0266666666666667	0.010752688172043
SBS29	DCC-PHC	DCC	PHC	0.0109243250724587	0	0	0.00158642137941916	0.0114409210160892	0.0930419066995564	0.0116226000337394	0.0158842200461105	0	0	0.000151870204194624	0.00236996676554491	0.134973609898318	0.00596615113193401	0.010653841307025	0.0818292682926829	0.0454933333333333	0.584	0.819	0.066659204674332	0.115308395516844	*	0.024390243902439	0.0266666666666667	0.0295698924731183
SBS3	DCC-PHC	DCC	PHC	0.822950289368496	0	0	0.00173112131914433	0.066236492446939	0.350923815149293	0.0462080444967232	0.0701677712728019	0	0	0.0030884839805387	0.0202134669747528	0.501708660021504	0.0327262616680526	0.0490893925020789	0.170829268292683	0.133933333333333	0.745333333333333	0.7037	0.21418228198188	0.185787503426433		0.146341463414634	0.133333333333333	0.120967741935484
SBS32	DCC-PHC	DCC	PHC	0.867600719421337	0	9.58552649979085e-05	0.00135925146842244	0.00844119637034657	0.123313632025084	0.0099208389099357	0.0127110748533551	0	0	0.000857332931174128	0.0168945890701602	0.374253635409386	0.0175762634226715	0.0263643951340072	0.0855365853658537	0.11224	0.59	0.6734	0.123313632025084	0.147796177915073		0.024390243902439	0.0666666666666667	0.0806451612903226
SBS38	DCC-PHC	DCC	PHC	0.391909747649172	0	0	4.42108610252008e-05	0.00156889129816707	0.0265701581203573	0.00231694176253166	0.00431793692108173	0	0	6.07499101814777e-05	0.00546178882269824	0.479213840100132	0.0203545487890128	0.0372339307116088	0.0269512195121951	0.0750933333333333		0.5895		0.174940138001946			0.0533333333333333	0.021505376344086
SBS4	DCC-PHC	DCC	PHC	0.483711411029476	0	0	0	0.0109177048518877	0.131064423155733	0.0147227968461408	0.0317702458258829	0	0	0.000197346592945144	0.00602267488966363	0.0967575184714047	0.00943804796601375	0.0153881216837181	0.0986585365853659	0.04436	0.695	0.577	0.100269693888516	0.0838598607129535		0.0975609756097561	0.0133333333333333	0.0537634408602151
SBS40a	DCC-PHC	DCC	PHC	0.958455355628828	0	0.00220445773822965	0.0121165858882677	0.0493201657418519	0.184400099604806	0.0381107514995308	0.0422308327427233	0	0.000672697349333079	0.0157911530026117	0.0839578032030354	0.40858650807605	0.0695372164686324	0.0869215205857905	0.142390243902439	0.242853333333333	0.583333333333333	0.933692307692308	0.160971706470882	0.278742626109857		0.0731707317073171	0.173333333333333	0.241935483870968
SBS40b	DCC-PHC	DCC	PHC	0.835434435934928	0	0	0.000309760853886427	0.00174918574176723	0.0332118894151623	0.0028603765297866	0.00451059375850964	0	0	0.000129846297087768	0.00383221474575033	0.115064875667105	0.00689839107511931	0.0129344832658487	0.0214878048780488	0.0518933333333333		0.779		0.092706838993982			0.0266666666666667	0.0295698924731183
SBS40c	DCC-PHC	DCC	PHC	0.84387112944872	0	0.000297391094916037	0.00411937211819412	0.031732455972227	0.28532199240988	0.0218382792143787	0.0271324075087735	0	0.000232374406903879	0.00282961433346113	0.0290350018878017	0.299863463656931	0.0323440565992597	0.0391258749184593	0.0930975609756098	0.128413333333333	0.985	0.7435	0.28532199240988	0.193065303319667		0.024390243902439	0.106666666666667	0.0994623655913978
SBS42	DCC-PHC	DCC	PHC	0.0148658194810941	0	0.00109927963899714	0.0231744099688746	0.0681113510618564	0.195213165756919	0.0425818994227539	0.0459436283245502	0	0.00361877192217087	0.0691795867063997	0.188682959772624	0.524407671424412	0.11651119695959	0.13239908745408	0.29109756097561	0.460826666666667	0.706333333333333	0.822	0.115890918217245	0.226649471614695	*	0.219512195121951	0.466666666666667	0.360215053763441
SBS44	DCC-PHC	DCC	PHC	0.836614662882649	0	0	0	0	0.0580651992757751	0.00287869704990793	0.0196710965077042	0	0	0	0	0.161537729180627	0.00524059369241142	0.0327537105775713	0.023609756097561	0.0265066666666667		0.579		0.161537729180627			0.0133333333333333	0.010752688172043
SBS5	DCC-PHC	DCC	PHC	0.0242387855720835	0	0.00697074001793073	0.0438113094823023	0.123296665405944	0.254486643014996	0.0670724543828913	0.0705120674281677	0	0.00230190037289315	0.0164319856656451	0.0516591610087092	0.190524225169971	0.0415809244306019	0.0472510504893204	0.273609756097561	0.184333333333333	0.609	0.76425	0.154712874164002	0.151625796096126	*	0.24390243902439	0.106666666666667	0.193548387096774
SBS86	DCC-PHC	DCC	PHC	0.0371156702529989	0	0.000123402790209271	0.00334254353034877	0.0270217725146514	0.098474720205983	0.0191745235116739	0.0245673582493322	0	0	0.000650302548847818	0.00742757913287784	0.0989247663685182	0.0104898821663623	0.0163904408849411	0.191219512195122	0.10484	0.691166666666667	0.669333333333333	0.0702611265454249	0.0761438275268074	*	0.146341463414634	0.08	0.102150537634409
SBS87	DCC-PHC	DCC	PHC	0.00187832909514321	7.54046298640562e-05	0.0459826237251609	0.0813122086661693	0.174923906090432	0.466551383752656	0.129607908534959	0.129607908534959	0	0.00178196732761095	0.0502641494666663	0.10408341458315	0.438138925688142	0.0774630213572447	0.0922178825681485	0.523560975609756	0.328026666666667	0.768952380952381	0.728260869565218	0.205381827707936	0.189168457783146	**	0.51219512195122	0.306666666666667	0.311827956989247
SBS9	DCC-PHC	DCC	PHC	0.21601378564063	0	0	0	0.000142470003306494	0.0105277741925347	0.000513545115965062	0.00161964228881289	0	0	0	0.00145410748011134	0.22246902510209	0.00892396274700286	0.0239034716437577	0.00375609756097561	0.07016		0.89275		0.11229975355496			0.0533333333333333	0.0134408602150538
SBS96	DCC-PHC	DCC	PHC	0.897224324079813	0	0	0.000333269745424281	0.00527667470731729	0.14411749874525	0.0140152537153489	0.0198146690458381	0	0	0.000562869245400195	0.0131545544580905	0.237641464513491	0.0125073933574534	0.0187610900361801	0.0880731707317073	0.0764133333333333	0.7425	0.928	0.129217158405035	0.237641464513491		0.0487804878048781	0.0133333333333333	0.0537634408602151
SBS97	DCC-PHC	DCC	PHC	0.0834279003502387	0	9.32680177695407e-05	0.0065182682794444	0.030687823869258	0.10039804640721	0.0192054022150826	0.0254006932522061	0	0	0.000852517793546427	0.0222560260906632	0.107724954932265	0.01447647179568	0.0236029431451305	0.222414634146341	0.142106666666667	0.637	0.7145	0.0577526388067839	0.0871253496775189		0.195121951219512	0.0533333333333333	0.185483870967742
SBS98	DCC-PHC	DCC	PHC	0.00522365671949341	0	0.000841146957933212	0.00304107817776451	0.0118496822077476	0.074854259571121	0.0119619840014424	0.0140126098302611	0	0	0.00115542042963095	0.00437027571713276	0.0467689309476488	0.00399128715043447	0.00623638617255386	0.116585365853659	0.0432666666666667	0.578666666666667		0.0656489264885672		**	0.0731707317073171		0.0430107526881721
SBS99	DCC-PHC	DCC	PHC	0.447760474980857	0	0.00013169811772566	0.00139076807674373	0.0126655261816368	0.0979767169445868	0.012068872569585	0.0149946598591814	0	0.000129423319313342	0.00385628017001767	0.0267048481056648	0.132675216724308	0.0190215392581702	0.0233871384321765	0.108317073170732	0.14884	0.753	0.66	0.0979767169445868	0.0928889127850791		0.024390243902439	0.106666666666667	0.0860215053763441
apobec	DCC-PHC	DCC	PHC	0.0017389132301483	0.000204353261907229	0.0698113684919739	0.130330161035557	0.223912543003756	0.707941973143585	0.179659708647415	0.179659708647415	0	0.00955826803626555	0.0515285463177369	0.161769807307458	0.761498660527483	0.118178527156838	0.13849046151192					0.217916989049785	0.209862042398307	**	0.804878048780488	0.533333333333333	0.481182795698925
treatment	DCC-PHC	DCC	PHC	0.0125963907372444	0.0254665897489531	0.0924954553661499	0.155273068447258	0.249244534780602	0.468164798074137	0.170772143526153	0.170772143526153	0	0.0430009748265777	0.0992619341786367	0.177952903382121	0.513805823725203	0.124550706204449	0.131567647399066					0.225848091130716	0.212581423537046	*	0.634146341463415	0.466666666666667	0.478494623655914
